# cline: mcl /Users/Giobbe/Desktop/MP25/data/proteoms/OrthoFinder/Results_Mar03_3/WorkingDirectory/OrthoFinder_graph.txt "-I" "1.2" "-o" "/Users/Giobbe/Desktop/MP25/data/proteoms/OrthoFinder/Results_Mar03_3/WorkingDirectory/clusters_OrthoFinder_I1.2.txt" "-te" "1" "-V" "all"
(mclheader
mcltype matrix
dimensions 3534x486
)
(mclmatrix
begin
0    98 427 438 439 811 1328 1847 2167 2168 2286 2288 2304 2305 2306
       2307 2308 2309 2310 2311 2312 2313 2314 2315 2316 2317 2318
       2319 2320 2321 2322 2323 2324 2325 2326 2327 2328 2329 2330
       2331 2332 2333 2334 2335 2336 2337 2338 2339 2340 2341 2342
       2343 2344 2345 2346 2347 2348 2349 2350 2351 2352 2353 2354
       2355 2356 2357 2358 2359 2360 2361 2362 2363 2364 2365 2366
       2367 2368 2369 2370 2371 2372 2373 2374 2375 2376 2377 2378
       2379 2380 2381 2382 2383 2384 2385 2386 2387 2388 2389 2390
       2391 2392 2393 2394 2395 2396 2397 2398 2399 2400 2401 2402
       2403 2404 2405 2406 2407 2408 2409 2410 2411 2412 2413 2414
       2415 2416 2417 2418 2419 2420 2421 2422 2423 2424 2425 2426
       2427 2428 2429 2430 2431 2432 2433 2434 2435 2436 2437 2438
       2439 2440 2441 2442 2443 2444 2445 2446 2447 2448 2449 2450
       2451 2452 2453 2454 2455 2456 2457 2458 2459 2460 2461 2462
       2463 2464 2465 2466 2467 2468 2469 2470 2471 2472 2473 2474
       2475 2476 2477 2478 2479 2480 2481 2482 2483 2484 2485 2486
       2487 2488 2489 2490 2505 2506 2507 2508 2509 2510 2511 2512
       2513 2514 2515 2516 2517 2518 2519 2520 2521 2522 2523 2524
       2525 2526 2527 2528 2529 2530 2531 2532 2533 2534 2535 2536
       2537 2538 2539 2540 2541 2542 2543 2544 2545 2546 2547 2548
       2549 2550 2551 2552 2553 2554 2555 2556 2557 2558 2559 2560
       2561 2562 2563 2564 2565 2566 2567 2568 2569 2570 2571 2572
       2573 2574 2575 2576 2577 2578 2579 2580 2581 2582 2583 2584
       2585 2586 2587 2588 2589 2590 2591 2592 2593 2594 2595 2596
       2597 2598 2599 2679 3260 3309 3365 $
1    1896 1897 1898 1899 1900 1901 1902 1903 1904 1905 1906 1907 1908
       1909 1910 1911 1912 1913 1914 1915 1916 1917 1918 1919 1920
       1921 1922 1923 1924 1925 1926 1927 1928 1929 1930 1931 1932
       1933 1934 1935 1936 1937 1938 1939 1940 1941 1942 1943 1944
       1945 1946 1947 1948 1949 1950 1951 1952 1953 1954 1955 1956
       1957 1958 1959 1960 1961 1962 1963 1964 1965 1966 1967 1968
       1969 1970 1971 1972 1973 1974 1975 1976 1977 1978 1979 1980
       1981 1982 1983 1984 1985 1986 1987 1988 1989 1990 1991 1992
       1993 1994 1995 1996 1997 1998 1999 2000 2001 2002 2003 2004
       2005 2006 2007 2008 2009 2010 2011 2012 2013 2014 2015 2016
       2017 2018 2019 2020 2021 2022 2023 2024 2025 2026 2027 2028
       2029 2030 2031 2032 2033 2034 2035 2036 2037 2038 2039 2040
       2041 2042 2043 2044 2045 2046 2047 2048 2049 2050 2051 2052
       2053 2054 2055 2056 2057 2058 2059 2060 2061 2062 2063 2064
       2065 2066 2067 2068 2069 2070 2071 2072 2073 2074 2075 2076
       2077 2078 2079 2080 2081 2082 2083 2084 2085 2086 2087 2088
       2089 2090 2091 2092 2093 2094 2095 2096 2097 2098 2099 2100
       2101 2102 2103 2104 2105 2106 2107 2108 2109 2110 2111 2112
       2113 2114 2115 2116 2117 2118 2119 2120 2121 2122 2123 2124
       2125 2126 2127 2128 2129 2130 2131 2132 2133 2134 2135 2136
       2137 2138 2139 2140 2141 2142 2143 2144 2145 2146 2147 2148
       2149 2150 2151 2152 2153 2154 $
2    1336 1337 1338 1339 1340 1341 1342 1343 1344 1345 1346 1347 1348
       1349 1350 1351 1352 1353 1354 1355 1356 1357 1358 1359 1360
       1361 1362 1363 1364 1365 1366 1367 1368 1369 1370 1371 1372
       1373 1374 1375 1376 1377 1378 1379 1380 1381 1382 1383 1384
       1385 1386 1387 1388 1389 1390 1391 1392 1393 1394 1395 1396
       1397 1398 1399 1400 1401 1402 1403 1404 1405 1406 1407 1408
       1409 1410 1411 1412 1413 1414 1415 1416 1417 1418 1419 1420
       1421 1422 1423 1424 1425 1426 1427 1428 1429 1430 1431 1432
       1433 1434 1435 1436 1437 1438 1439 1440 1441 1442 1443 1444
       1445 1446 1447 1448 1449 1450 1451 1452 1453 1454 1455 1456
       1457 1458 1459 1460 1461 1462 1463 1464 1465 1466 1467 1468
       1469 1470 1471 1472 1473 1474 1475 1476 1477 1478 1479 1480
       1481 1482 1483 1484 1485 1486 1487 1488 1489 1490 1491 1492
       1493 1494 1495 1496 1497 1498 1499 1500 1501 1502 1503 1504
       1505 1506 1507 1508 1509 1510 1511 1512 1513 1514 1515 1516
       1517 1518 1519 1520 1521 1522 1523 1524 1525 1526 1527 1528
       1529 1530 1531 1532 1533 1534 1535 1536 1537 1538 1539 1540
       1541 1542 1543 1544 1545 1546 1547 1548 1549 1550 1551 1552 $
3    91 92 93 94 95 96 97 437 740 741 742 743 744 745 746 748 749 750
       751 752 753 754 755 756 757 758 759 760 761 762 763 764 765
       766 767 768 769 770 771 772 773 774 775 776 777 778 779 780
       781 782 783 784 785 786 787 788 789 790 791 792 793 794 795
       796 797 798 799 800 801 802 803 804 805 806 807 808 809 810
       1553 1554 2156 2157 2158 2159 2160 2161 2162 2163 2164 2165
       2166 2713 2714 2715 2716 2717 2718 2719 2720 2721 2722 2723
       2724 2725 2726 2727 2728 2729 2730 2731 2732 2733 2734 2735
       2736 2738 2739 2740 2741 2742 2743 2744 2745 2746 2747 2748
       2749 2750 2751 2752 2753 2754 2755 2756 2757 2758 2759 2760
       2761 2762 2763 2764 2765 2766 2767 2768 2769 2770 2771 2772
       2773 3311 3312 3313 3314 3315 3316 3317 3318 3319 3320 3321
       3322 3323 3324 3325 3326 3327 3328 3329 3330 3331 3332 3333
       3334 3335 3336 3337 3338 3339 3340 3341 3342 3343 3344 3345
       3346 3347 3348 3349 3351 3352 3353 3354 3355 3356 3357 3358
       3359 3361 3363 3364 $
4    440 441 442 443 444 812 813 814 815 816 817 818 819 820 821 822
       823 824 825 826 827 828 829 830 831 832 833 834 835 836 837
       839 840 841 842 843 844 845 846 847 848 849 850 851 852 853
       854 855 856 857 858 859 860 861 862 863 864 865 866 867 868
       869 870 871 872 873 874 875 876 877 878 879 880 881 882 883
       884 885 886 887 888 889 890 891 892 893 894 895 896 897 898
       899 900 901 902 903 904 905 906 907 908 909 910 911 912 913
       914 915 916 917 918 919 920 921 922 923 924 925 926 927 928
       929 930 931 932 933 934 935 936 937 938 939 940 941 942 943
       944 945 946 947 948 949 950 951 952 953 954 955 956 957 958
       959 960 961 962 963 964 965 966 967 968 969 970 971 972 973
       974 975 976 977 978 979 2169 2170 2171 2774 2775 $
5    445 446 447 448 449 450 451 452 453 454 455 456 457 458 459 460
       461 462 463 464 465 466 467 468 469 470 471 472 473 474 475
       476 477 478 479 480 481 482 483 484 485 486 487 488 489 490
       491 492 493 494 495 496 497 498 499 500 501 502 503 504 505
       506 507 508 509 510 511 512 513 514 515 516 517 518 519 520
       521 522 523 524 525 526 527 528 529 530 531 532 533 534 535
       536 537 538 539 540 541 542 543 544 545 546 547 548 549 550
       551 552 553 554 555 556 557 558 559 560 561 562 563 564 565
       566 567 568 569 570 571 572 573 574 575 576 577 578 579 580
       581 582 583 584 585 586 587 588 589 590 591 592 593 594 595
       596 597 598 599 600 601 1274 $
6    99 100 101 102 103 104 105 106 107 108 109 110 111 112 113 114
       115 116 117 118 119 120 121 122 123 124 125 126 127 128 129
       130 131 132 133 134 135 136 137 138 139 140 141 142 143 144
       145 146 147 148 149 150 151 152 153 154 155 156 157 158 159
       160 161 162 163 164 165 166 167 168 169 170 171 172 173 174
       175 176 177 178 179 180 181 182 183 184 185 186 187 188 189
       190 191 192 193 194 195 196 197 198 199 200 201 202 203 204
       205 206 207 208 209 210 211 212 213 214 215 216 217 218 219
       220 221 222 223 224 225 226 227 228 229 230 231 232 233 234
       235 236 237 238 239 240 241 242 243 244 245 246 247 248 249
       250 251 2776 $
7    252 253 254 255 256 258 259 260 263 264 265 266 267 268 269 270
       602 604 605 606 608 609 610 611 612 613 614 615 980 981 982
       983 984 985 986 987 988 989 990 991 992 993 994 995 1555 1556
       1557 1558 1559 1560 1561 1562 1563 1564 1565 1566 1567 1568
       1569 1570 1571 1572 1573 1574 1575 1576 2172 2173 2174 2175
       2176 2177 2178 2179 2180 2181 2182 2183 2184 2185 2186 2187
       2188 2189 2190 2491 2492 2493 2494 2495 2496 2497 2777 2778
       2779 2780 2781 2782 2783 2784 2785 2786 2787 2788 2789 2790
       2791 2792 2793 2794 2795 2796 3366 3367 3368 3369 3370 3371
       3372 3373 3374 3376 3377 3378 3379 $
8    996 997 2797 2798 2799 2800 2801 2802 2803 2804 2805 2806 2807
       2808 2809 2810 2811 2812 2813 2814 2815 2816 2817 2818 2819
       2820 2821 2822 2823 2824 2825 2826 2827 2828 2829 2830 2831
       2832 2833 2834 2835 2836 2837 2838 2839 2840 2841 2842 2843
       2844 2845 2846 2847 2848 2849 2850 2851 2852 2853 2854 2855
       2856 2857 2858 2859 2860 2861 2862 2863 2864 2865 2866 2867
       2868 2869 2870 2871 2872 2873 2874 2875 2876 2877 2878 2879
       2880 2881 2882 2883 2884 2885 2886 2887 2888 2889 2890 2891
       2892 2893 2894 2895 2896 2897 2898 2899 2900 2901 2902 2903
       2904 2906 2907 2908 2909 2910 2911 2912 2913 $
9    271 272 273 274 275 276 277 278 279 280 281 282 283 284 616 617
       618 619 620 621 622 623 624 625 626 627 998 999 1000 1001 1002
       1003 1004 1005 1006 1007 1008 1009 1577 1579 1580 1581 1582
       1583 1584 1585 1586 1587 1588 1589 1590 1591 1592 1593 1594
       1595 1596 1597 1598 1599 1600 1601 1602 1603 1604 1605 1606
       2191 2192 2195 2196 2197 2198 2199 2200 2201 2202 2203 2204
       2205 2498 2499 2500 2501 2502 2503 2504 2914 2916 2917 2918
       2919 2920 2921 2923 2924 2925 2926 2927 3380 3381 3382 3383
       3384 3385 3386 3387 3388 3389 3390 3391 $
10   1607 1608 1609 1610 1611 1612 1613 1614 1615 1616 1617 1618 1619
       1620 1621 1622 1623 1624 1625 1626 1627 1628 1629 1630 1631
       1632 1633 1634 1635 1636 1637 1638 1639 1640 1641 1642 1643
       1644 1645 1646 1647 1648 1649 1650 1651 1652 1653 1654 1655
       1656 1657 1658 1659 1660 1661 1662 1663 1664 1665 1666 1667
       1668 1669 1670 1671 1672 1673 1674 1675 1676 1677 1678 1679
       1680 1681 1682 1683 1684 1685 1686 1687 1688 1689 1690 1691
       1692 1693 1694 1695 1696 1697 1698 1699 1700 1701 1702 1703
       1704 1705 1706 1707 1708 1709 1710 1711 1712 1713 1714 1715
       1716 1717 $
11   24 351 632 697 1243 1304 1816 2209 2260 2646 3033 3083 3104 3191
       3246 3397 3398 3399 3400 3401 3402 3403 3404 3405 3406 3407
       3408 3409 3410 3411 3412 3413 3414 3415 3416 3417 3418 3419
       3420 3421 3422 3423 3424 3425 3426 3427 3428 3429 3430 3431
       3432 3433 3434 3435 3436 3437 3438 3439 3440 3441 3442 3443
       3444 3445 3446 3447 3448 3449 3450 3451 3452 3453 3454 3455
       3456 3457 3458 3459 3460 3461 3462 3463 3464 3465 3466 3467
       3468 3469 3470 3471 3472 3473 3474 3475 3476 3477 3478 3479
       3480 3481 3482 3483 3484 3485 3486 $
12   2928 2929 2930 2931 2932 2933 2934 2935 2936 2937 2938 2939 2940
       2941 2942 2943 2944 2945 2946 2947 2948 2949 2950 2951 2952
       2953 2954 2955 2956 2957 2958 2959 2960 2961 2962 2963 2964
       2965 2966 2967 2968 2969 2970 2971 2972 2973 2974 2975 2976
       2977 2978 2979 2980 2981 2982 2983 2984 2985 2986 2987 2988
       2989 2990 2991 2992 2993 2994 2995 2996 2997 2998 2999 3000
       3001 3002 3003 3004 3005 3006 3007 3008 3009 3010 3011 3012
       3013 3014 3015 3016 3017 3018 3019 3020 3021 3022 3023 3024
       3025 3026 3027 3028 3029 3030 $
13   1014 1015 1016 1017 1018 1019 1020 1021 1022 1023 1024 1025 1026
       1027 1028 1029 1030 1031 1032 1033 1034 1035 1036 1037 1038
       1039 1040 1041 1042 1043 1044 1045 1046 1047 1048 1049 1050
       1051 1052 1053 1054 1055 1056 1057 1058 1059 1060 1061 1062
       1063 1064 1065 1066 1067 1068 1069 1070 1071 1072 1073 1074
       1075 1076 1077 1078 1079 1080 1081 1082 1083 1084 1085 1086
       1087 1088 1089 1090 1091 1092 1093 1094 1095 1096 3034 3035
       3036 $
14   1097 1098 1099 1100 1101 1102 1103 1104 1105 1106 1107 1108 1109
       1110 1111 1112 1113 1114 1115 1116 1117 1118 1119 1120 1121
       1122 1123 1124 1125 1126 1127 1128 1129 1130 1131 1132 1133
       1134 1135 1136 1137 1138 1139 1140 1141 1142 1143 1144 1145
       1146 1147 1148 1149 1150 1151 1152 1153 1154 1155 1156 1157
       1158 1159 1160 1161 1162 1163 1164 1165 1166 1167 1168 1169
       1170 1171 1172 1173 1174 1175 1176 1177 $
15   285 286 287 288 628 629 630 631 1011 1012 1013 1719 1720 1721
       1723 1725 1726 1728 1729 1730 1731 1732 1734 1735 1736 1737
       1738 1741 1742 1743 1745 1746 1747 1748 1749 1750 1751 1752
       1755 1756 1757 1760 1761 1762 1763 1764 1765 1766 1768 1769
       1772 1773 1774 1778 1779 1780 1782 1783 2206 2207 2208 2600
       2601 3031 3032 3392 3393 3395 3396 $
16   289 290 291 292 293 294 295 296 297 298 633 634 635 636 637 638
       639 640 641 642 643 644 645 646 647 648 649 1178 1179 1180 1181
       1182 1787 1788 2210 2602 3037 3038 3039 3040 3041 3042 3043
       3044 3045 3046 3047 3048 3049 3050 3051 3052 3053 3054 3055
       3057 3487 3488 3489 3490 3491 3492 3493 3494 $
17   299 300 301 302 650 651 652 653 654 655 656 657 658 659 660 661
       662 663 664 665 1183 1184 1186 1187 1188 1189 1190 1191 1192
       1193 1194 1789 2211 2212 2603 2604 2605 2606 2607 2608 2609
       2610 3058 3059 3060 3061 3062 3063 3064 3065 3066 3067 3068
       3069 3495 3496 3497 3498 3499 3500 3501 3502 $
18   734 1206 1864 2699 3056 3080 3081 3082 3084 3085 3086 3087 3088
       3089 3090 3091 3092 3093 3094 3095 3096 3097 3098 3099 3100
       3101 3102 3103 3105 3106 3107 3108 3109 3110 3111 3112 3113
       3114 3115 3116 3117 3118 3119 3120 3121 3122 3123 3124 3125
       3126 3127 3128 3129 3130 3131 3132 3133 3134 3135 3136 3137 $
19   303 304 305 306 307 308 666 667 668 669 1195 1196 1197 1198 1199
       1200 1201 1202 1203 1204 1205 1790 1791 2213 2214 2215 2216
       2217 2218 2219 2220 2221 2222 2611 2612 2614 2615 3070 3071
       3072 3073 3074 3075 3076 3077 3078 3079 3503 3504 3505 3506
       3507 3508 3509 3510 3511 3512 3513 3514 $
20   309 310 311 312 313 314 315 316 317 318 319 320 321 322 323 324
       670 671 672 1207 1208 2223 2224 2225 2226 2227 2228 2229 2230
       2231 2616 2617 2618 2619 2620 2621 3138 3139 3140 3141 3515
       3516 3517 3518 3519 3520 3521 3522 3523 3524 3525 3526 3527
       3528 3529 3530 $
21   325 326 1209 1210 1211 1212 1213 1214 1215 1216 1217 1218 2232
       2233 2234 2235 3143 3144 3145 3146 3147 3148 3149 3150 3151
       3152 3154 3155 3156 3157 3158 3159 3160 3161 3162 3163 3164
       3165 3166 3531 3533 $
22   1718 1724 1727 1733 1739 1740 1753 1754 1758 1781 $
23   0 327 673 1219 1792 2236 2622 3167 $
24   1 328 674 1220 1793 2237 2623 3168 $
25   2 329 675 1221 1794 2238 2624 3169 $
26   3 330 676 1222 1795 2239 2625 3170 $
27   4 331 677 1223 1796 2240 2626 3171 $
28   5 332 678 1224 1797 2241 2627 3172 $
29   6 333 679 1225 1798 2242 2628 3173 $
30   7 334 680 1226 1799 2243 2629 3174 $
31   8 335 681 1227 1800 2244 2630 3175 $
32   9 336 682 1228 1801 2245 2631 3176 $
33   10 337 683 1229 1802 2246 2632 3177 $
34   11 338 684 1230 1803 2247 2633 3178 $
35   12 339 685 1231 1804 2248 2634 3179 $
36   13 340 686 1232 1805 2249 2635 3180 $
37   14 341 687 1233 1806 2250 2636 3181 $
38   15 342 688 1234 1807 2251 2637 3182 $
39   16 343 689 1235 1808 2252 2638 3183 $
40   17 344 690 1236 1809 2253 2639 3184 $
41   18 345 691 1237 1810 2254 2640 3185 $
42   19 346 692 1238 1811 2255 2641 3186 $
43   20 347 693 1239 1812 2256 2642 3187 $
44   21 348 694 1240 1813 2257 2643 3188 $
45   22 349 695 1241 1814 2258 2644 3189 $
46   23 350 696 1242 1815 2259 2645 3190 $
47   25 352 698 1244 1817 2261 2647 3192 $
48   26 353 699 1245 1818 2262 2648 3193 $
49   27 354 700 1246 1819 2263 2649 3194 $
50   28 355 701 1247 1820 2264 2650 3195 $
51   29 356 702 1248 1821 2265 2651 3196 $
52   30 357 703 1249 1822 2266 2652 3197 $
53   31 358 704 1250 1823 2267 2653 3198 $
54   32 359 705 1251 1824 2268 2654 3199 $
55   33 360 706 1252 1825 2269 2655 3200 $
56   34 361 707 1253 1826 2270 2656 3201 $
57   35 362 708 1254 1827 2271 2657 3202 $
58   36 363 709 1255 1828 2272 2658 3203 $
59   37 364 710 1256 1829 2273 2659 3204 $
60   38 365 711 1257 1830 2274 2660 3205 $
61   39 366 712 1258 1831 2275 2661 3206 $
62   40 367 713 1259 1832 2276 2662 3207 $
63   41 368 714 1260 1833 2277 2663 3208 $
64   42 369 715 1261 1834 2278 2664 3209 $
65   43 370 716 1262 1835 2279 2665 3210 $
66   44 371 717 1263 1836 2280 2666 3211 $
67   45 372 718 1264 1837 2281 2667 3212 $
68   46 373 719 1265 1838 2282 2668 3213 $
69   47 374 720 1266 1839 2283 2669 3214 $
70   48 375 721 1267 1840 2284 2670 3215 $
71   735 738 2688 $
72   397 1275 $
73   399 1862 $
74   1301 2905 $
75   1323 3253 $
76   1776 1777 $
77   1785 1786 $
78   2703 3231 $
79   49 $
80   50 $
81   51 $
82   52 $
83   53 $
84   54 $
85   55 $
86   56 $
87   57 $
88   58 $
89   59 $
90   60 $
91   61 $
92   62 $
93   63 $
94   64 $
95   65 $
96   66 $
97   67 $
98   68 $
99   69 $
100  70 $
101  71 $
102  72 $
103  73 $
104  74 $
105  75 $
106  76 $
107  77 $
108  78 $
109  79 $
110  80 $
111  81 $
112  82 $
113  83 $
114  84 $
115  85 $
116  86 $
117  87 $
118  88 $
119  89 $
120  90 $
121  257 $
122  261 $
123  262 $
124  376 $
125  377 $
126  378 $
127  379 $
128  380 $
129  381 $
130  382 $
131  383 $
132  384 $
133  385 $
134  386 $
135  387 $
136  388 $
137  389 $
138  390 $
139  391 $
140  392 $
141  393 $
142  394 $
143  395 $
144  396 $
145  398 $
146  400 $
147  401 $
148  402 $
149  403 $
150  404 $
151  405 $
152  406 $
153  407 $
154  408 $
155  409 $
156  410 $
157  411 $
158  412 $
159  413 $
160  414 $
161  415 $
162  416 $
163  417 $
164  418 $
165  419 $
166  420 $
167  421 $
168  422 $
169  423 $
170  424 $
171  425 $
172  426 $
173  428 $
174  429 $
175  430 $
176  431 $
177  432 $
178  433 $
179  434 $
180  435 $
181  436 $
182  603 $
183  607 $
184  722 $
185  723 $
186  724 $
187  725 $
188  726 $
189  727 $
190  728 $
191  729 $
192  730 $
193  731 $
194  732 $
195  733 $
196  736 $
197  737 $
198  739 $
199  747 $
200  838 $
201  1010 $
202  1185 $
203  1268 $
204  1269 $
205  1270 $
206  1271 $
207  1272 $
208  1273 $
209  1276 $
210  1277 $
211  1278 $
212  1279 $
213  1280 $
214  1281 $
215  1282 $
216  1283 $
217  1284 $
218  1285 $
219  1286 $
220  1287 $
221  1288 $
222  1289 $
223  1290 $
224  1291 $
225  1292 $
226  1293 $
227  1294 $
228  1295 $
229  1296 $
230  1297 $
231  1298 $
232  1299 $
233  1300 $
234  1302 $
235  1303 $
236  1305 $
237  1306 $
238  1307 $
239  1308 $
240  1309 $
241  1310 $
242  1311 $
243  1312 $
244  1313 $
245  1314 $
246  1315 $
247  1316 $
248  1317 $
249  1318 $
250  1319 $
251  1320 $
252  1321 $
253  1322 $
254  1324 $
255  1325 $
256  1326 $
257  1327 $
258  1329 $
259  1330 $
260  1331 $
261  1332 $
262  1333 $
263  1334 $
264  1335 $
265  1578 $
266  1722 $
267  1744 $
268  1759 $
269  1767 $
270  1770 $
271  1771 $
272  1775 $
273  1784 $
274  1841 $
275  1842 $
276  1843 $
277  1844 $
278  1845 $
279  1846 $
280  1848 $
281  1849 $
282  1850 $
283  1851 $
284  1852 $
285  1853 $
286  1854 $
287  1855 $
288  1856 $
289  1857 $
290  1858 $
291  1859 $
292  1860 $
293  1861 $
294  1863 $
295  1865 $
296  1866 $
297  1867 $
298  1868 $
299  1869 $
300  1870 $
301  1871 $
302  1872 $
303  1873 $
304  1874 $
305  1875 $
306  1876 $
307  1877 $
308  1878 $
309  1879 $
310  1880 $
311  1881 $
312  1882 $
313  1883 $
314  1884 $
315  1885 $
316  1886 $
317  1887 $
318  1888 $
319  1889 $
320  1890 $
321  1891 $
322  1892 $
323  1893 $
324  1894 $
325  1895 $
326  2155 $
327  2193 $
328  2194 $
329  2285 $
330  2287 $
331  2289 $
332  2290 $
333  2291 $
334  2292 $
335  2293 $
336  2294 $
337  2295 $
338  2296 $
339  2297 $
340  2298 $
341  2299 $
342  2300 $
343  2301 $
344  2302 $
345  2303 $
346  2613 $
347  2671 $
348  2672 $
349  2673 $
350  2674 $
351  2675 $
352  2676 $
353  2677 $
354  2678 $
355  2680 $
356  2681 $
357  2682 $
358  2683 $
359  2684 $
360  2685 $
361  2686 $
362  2687 $
363  2689 $
364  2690 $
365  2691 $
366  2692 $
367  2693 $
368  2694 $
369  2695 $
370  2696 $
371  2697 $
372  2698 $
373  2700 $
374  2701 $
375  2702 $
376  2704 $
377  2705 $
378  2706 $
379  2707 $
380  2708 $
381  2709 $
382  2710 $
383  2711 $
384  2712 $
385  2737 $
386  2915 $
387  2922 $
388  3142 $
389  3153 $
390  3216 $
391  3217 $
392  3218 $
393  3219 $
394  3220 $
395  3221 $
396  3222 $
397  3223 $
398  3224 $
399  3225 $
400  3226 $
401  3227 $
402  3228 $
403  3229 $
404  3230 $
405  3232 $
406  3233 $
407  3234 $
408  3235 $
409  3236 $
410  3237 $
411  3238 $
412  3239 $
413  3240 $
414  3241 $
415  3242 $
416  3243 $
417  3244 $
418  3245 $
419  3247 $
420  3248 $
421  3249 $
422  3250 $
423  3251 $
424  3252 $
425  3254 $
426  3255 $
427  3256 $
428  3257 $
429  3258 $
430  3259 $
431  3261 $
432  3262 $
433  3263 $
434  3264 $
435  3265 $
436  3266 $
437  3267 $
438  3268 $
439  3269 $
440  3270 $
441  3271 $
442  3272 $
443  3273 $
444  3274 $
445  3275 $
446  3276 $
447  3277 $
448  3278 $
449  3279 $
450  3280 $
451  3281 $
452  3282 $
453  3283 $
454  3284 $
455  3285 $
456  3286 $
457  3287 $
458  3288 $
459  3289 $
460  3290 $
461  3291 $
462  3292 $
463  3293 $
464  3294 $
465  3295 $
466  3296 $
467  3297 $
468  3298 $
469  3299 $
470  3300 $
471  3301 $
472  3302 $
473  3303 $
474  3304 $
475  3305 $
476  3306 $
477  3307 $
478  3308 $
479  3310 $
480  3350 $
481  3360 $
482  3362 $
483  3375 $
484  3394 $
485  3532 $
)
